	date	adjusted close	high	low	volume	7_Day_SMA	7_Day_EMA	14_Day_SMA	14_Day_EMA	21_Day_SMA	21_Day_EMA
20	2021-10-18	870.11	875.26	851.47	24207244	921.0214285714285	985.1461670819045	1035.7435714285714	1016.8058338125522	1051.7719047619048	1023.571545827603
21	2021-10-15	843.03	843.21	822.35	18924567	895.9642857142857	967.3816461966665	1008.1092857142858	1005.2207782250488	1043.6595238095238	1015.3651119263484
22	2021-10-14	818.32	820.25	813.3501	12247170	866.4585714285714	948.7489404220831	979.8564285714285	992.7607263433789	1033.4166666666665	1006.4085159296963
23	2021-10-13	811.08	815.41	805.78	14120075	852.3728571428571	931.5403228693227	954.0764285714286	980.648677920487	1021.3961904761904	997.529947023801
24	2021-10-12	805.72	812.32	796.57	22020040	839.7614285714286	915.8127825106574	925.3	968.9867660591211	1008.9090476190477	988.8113130681737
25	2021-10-11	791.94	801.24	785.5	14200322	829.21	900.3286846968251	902.2957142857142	957.1836483218465	997.8823809523809	979.8626170196204
26	2021-10-08	785.49	796.38	780.91	16738604	817.9557142857144	885.973849109722	881.4707142857142	945.73740510039	979.9085714285715	971.0274980641832
27	2021-10-07	793.61	805.0	783.38	19195782	807.027142857143	874.4283679710067	864.0242857142857	935.5955780936973	959.5047619047618	962.9630663339931
28	2021-10-06	782.75	786.66	773.22	14632768	798.4157142857142	862.9685719746308	847.1899999999999	925.4058728874508	938.2114285714285	954.7715633188117
29	2021-10-05	780.59	797.31	774.2	18432625	793.0257142857143	852.671250477802	829.7421428571428	915.7514813616208	917.5795238095237	946.854219531593
30	2021-10-04	781.53	806.9699	776.12	30483341	788.8042857142857	843.7785941680767	820.5885714285715	906.8033826041794	898.9857142857143	939.339482280157
31	2021-10-01	775.22	780.78	763.59	17031414	784.4471428571429	835.2087698970671	812.1042857142858	898.0311570972342	878.3490476190475	931.8795058128771
32	2021-09-30	775.48	789.1305	775.0	17955961	782.0957142857143	827.7426736599336	805.6528571428571	889.8610799574186	862.2290476190477	924.7704373668373
33	2021-09-29	781.31	793.5	770.68	20942877	781.4985714285715	821.9385894524419	799.7271428571429	882.6243412935906	848.1466666666665	918.2495083956175
34	2021-09-28	777.56	795.64	766.1801	25381422	779.2057142857142	816.3912657708865	793.1164285714286	875.6200518740179	835.7514285714285	911.8545307412712
35	2021-09-27	791.36	799.0	769.31	28070657	780.4357142857143	813.2623575495257	789.4257142857142	870.0027150824168	824.9385714285715	906.377506616668
36	2021-09-24	774.39	774.8	744.56	21373022	779.55	808.4033128558351	786.2878571428572	863.6285340769223	813.0114285714286	900.3780744977287
37	2021-09-23	753.64	758.2	747.92	11947527	775.5657142857143	801.5578987488558	782.1850000000001	856.2959651384608	805.5809523809525	893.7081620205593
38	2021-09-22	751.94	753.6699	739.12	15126272	772.2399999999999	795.3556614052488	778.3435714285715	849.3389007958967	798.8161904761904	887.2641546559884
39	2021-09-21	739.38	744.7399	730.44	16330723	767.0828571428572	788.3587037295928	774.5892857142857	842.0083074095037	792.7961904761905	880.5421476261707
40	2021-09-20	730.17	742.0	718.6249	24757652	759.7771428571428	781.0851157633937	770.6378571428571	834.5524202488701	786.4104761904763	873.7070500067994
41	2021-09-17	759.49	761.04	750.0	28204176	757.1957142857143	778.3857262929695	768.2007142857143	829.5482588989454	781.1428571428571	868.5153659155812
42	2021-09-16	756.99	758.91	747.61	13923393	752.2857142857143	775.7112605063483	766.3607142857143	824.7110416390158	777.0457142857142	863.4460311012366
43	2021-09-15	755.83	756.86	738.36	15357685	749.6342857142857	773.2261029430547	764.5921428571428	820.1189721964147	774.0699999999999	858.5543933239077
44	2021-09-14	744.49	754.47	736.4	18524881	748.3271428571428	769.6340900751728	761.9464285714286	815.0770407166536	770.8990476190477	853.369648172821
45	2021-09-13	743.0	744.78	708.85	22952482	747.0500000000001	766.3048288157762	759.6449999999999	810.2719046688767	767.912380952381	848.3528459831474
46	2021-09-10	736.27	762.61	734.5201	15184170	746.6057142857143	762.5504752138042	756.8442857142857	805.3384443576182	765.2614285714286	843.2581711657317
47	2021-09-09	754.86	762.1	751.6301	14077731	750.1328571428572	761.5891658120787	754.955	801.9732147337769	763.8028571428572	839.2400724763802
48	2021-09-08	753.87	764.45	740.7733	18793036	749.33	760.6242700855688	753.2628571428571	798.7663337515252	761.9104761904762	835.3596146365447
49	2021-09-07	752.92	760.2	739.26	20039825	748.7485714285714	759.6612363248727	750.5171428571429	795.7099115014234	760.49	831.6123594257928
50	2021-09-03	733.57	734.0	724.2	15271045	745.5685714285713	756.3998317842636	747.6014285714285	791.5672507346619	758.2509523809524	827.1558885428022
51	2021-09-02	732.39	740.97	730.54	12796739	743.84	753.3986028112307	746.0835714285714	787.6221006856845	755.9109523809524	822.848348154493
52	2021-09-01	734.09	741.99	731.2701	13204335	742.5671428571429	750.9850274598269	744.8085714285714	784.0532939733056	753.952380952381	818.8138777838343
53	2021-08-31	735.72	740.39	726.44	20855436	742.4885714285714	749.0768990273486	744.5471428571428	780.8310743750852	752.0590476190476	815.0368833391146
54	2021-08-30	730.91	731.0	712.73	18604220	739.0671428571429	746.8060366489301	744.6	777.5030027500796	749.6590476190477	811.2129340964277
55	2021-08-27	711.92	715.0	702.1001	13833763	733.0742857142858	742.4452820678139	741.2021428571428	773.130802566741	746.5333333333333	806.6996189102265
56	2021-08-26	701.16	715.4	697.6201	13214292	725.6800000000001	737.2846218093371	737.2142857142857	768.3327490622916	742.2380952380952	801.9023635052163
57	2021-08-25	711.2	716.97	704.0	12645562	722.4842857142858	734.0240440831699	734.0264285714286	764.5238991248054	739.2290476190476	797.7795288004338
58	2021-08-24	708.49	715.22	702.64	13083071	719.0699999999999	730.8322885727737	731.455	760.7883058498184	737.0790476190476	793.7209138549596
59	2021-08-23	706.3	712.1299	680.7505	20264859	715.1	727.765752501177	728.8335714285713	757.1557521264972	734.9057142857142	789.7472359524614
60	2021-08-20	680.26	692.1299	673.7	14841865	707.1771428571428	721.8275334385298	724.8328571428572	752.0293686513975	732.0904761904761	784.7705434091678
61	2021-08-19	673.47	686.55	667.59	14313486	698.9714285714284	715.7828417587136	719.0192857142857	746.792077407971	729.3904761904762	779.7114277996602
62	2021-08-18	688.99	695.77	669.35	20349375	695.6957142857143	712.4337365388744	714.3850000000001	742.9386055807729	726.0333333333334	775.5877265360393
63	2021-08-17	665.71	674.58	648.84	23721279	690.6314285714286	706.5932694715151	708.1557142857143	737.7900318753881	721.6866666666667	770.5932844207648
64	2021-08-16	686.17	709.5	676.4	23103303	687.0557142857142	704.0403607875758	704.7699999999999	734.3486964170288	718.3695238095238	766.7558624016392
65	2021-08-13	717.17	729.9	714.34	16671844	688.2957142857142	705.6815656891288	703.6828571428571	733.2034499892269	717.0685714285714	764.5019595652011
66	2021-08-12	722.25	722.8	699.4	17681686	690.5742857142857	707.7526199779877	702.8371428571428	732.473219989945	716.0804761904761	762.5814159486011
67	2021-08-11	707.82	715.18	704.21	9800558	694.5114285714286	707.7610424807392	700.8442857142857	730.8296719906153	714.7257142857143	760.0922606782102
68	2021-08-10	709.99	716.59	701.88	13432305	699.7285714285715	708.0396621706468	699.3500000000001	729.4403605245743	712.5890476190476	757.814885192837
69	2021-08-09	713.76	719.03	705.13	14715349	703.2671428571429	708.754704399316	699.4814285714285	728.3950031562694	710.6790476190477	755.8123904113445
70	2021-08-06	699.1	716.33	697.63	15623049	708.0371428571427	707.5478663494015	699.3342857142858	726.4420029458514	708.1161904761905	753.2345544835562
71	2021-08-05	714.63	720.9499	711.41	12919637	712.1028571428571	708.4331330557263	699.5792857142858	725.6545360827947	707.2142857142857	751.4798020070309
72	2021-08-04	710.92	724.9	708.93	17002647	711.21	708.7439914237606	699.7528571428572	724.6722336772751	706.1919047619048	749.636174643075
73	2021-08-03	709.74	722.65	701.01	21620253	709.4228571428572	708.8684924957905	699.9985714285715	723.6767514321235	705.032380952381	747.8227121592989
74	2021-08-02	709.67	726.94	698.4	33615765	709.6871428571428	708.9686809338167	702.0992857142858	722.7429680033152	703.7919047619048	746.0884979702399
75	2021-07-30	687.2	697.53	669.0	29656411	706.4314285714287	706.2475958170896	703.0799999999999	720.3734368030941	701.7104761904762	743.4117480625018
76	2021-07-29	677.35	683.69	648.8	29688446	701.2299999999999	702.6353963399534	702.2485714285714	717.5052076828879	700.0642857142857	740.408941332388
77	2021-07-28	646.98	654.9699	639.4001	16006596	693.7842857142858	695.6784717974592	700.9107142857143	712.8035271706954	697.4842857142858	736.162171271825
78	2021-07-27	644.78	666.5	627.24	32813290	683.8057142857143	689.3161628227768	697.9542857142858	708.2686253593156	694.3214285714286	732.0084362140148
79	2021-07-26	657.62	668.1999	647.11	25336556	676.1914285714286	685.3541424699297	693.7007142857144	704.8920503353612	691.8990476190477	728.6271436588323
80	2021-07-23	643.38	648.8	637.3001	14604944	666.7114285714285	680.1073746611885	688.0671428571429	700.7912469796704	688.9028571428572	724.7522734925218
81	2021-07-22	649.26	662.17	644.6001	15105727	658.0814285714285	676.25145282854	683.8842857142857	697.355830514359	687.4266666666667	721.320806515589
82	2021-07-21	655.29	664.8599	650.2901	13953338	653.5228571428571	673.6312712249725	679.9771428571428	694.5514418134018	686.5609523809524	718.3194062194258
83	2021-07-20	660.5	662.3916	640.501	15487127	651.1157142857144	671.9898623218509	676.1728571428572	692.2813456925082	685.2042857142857	715.69125139127
84	2021-07-19	646.22	647.1999	621.29	21297090	651.0071428571429	668.7686295316196	672.3957142857143	689.2105893130076	684.2761904761905	712.5334672371214
85	2021-07-16	644.22	656.6999	642.2	16370970	650.9271428571428	665.7000508401671	667.3664285714285	686.2112166921404	682.2785714285715	709.4283096354341
86	2021-07-15	650.6	666.14	637.88	20209571	649.9242857142857	663.8125444851463	663.0578571428571	683.8371355793311	679.1085714285715	706.7542955610962
87	2021-07-14	653.38	678.6099	652.84	21641190	651.3528571428571	662.508476424503	659.0321428571427	681.8066598740423	675.8290476190476	704.3281912174101
88	2021-07-13	668.54	693.28	666.2958	20966092	654.1071428571429	663.2624168714401	656.0942857142857	680.9222158824396	673.9585714285715	702.7014552529824
89	2021-07-12	685.7	687.24	662.161	25927042	658.4514285714286	666.0671147625101	655.9871428571429	681.2407348236103	672.8019047619047	701.9286618323923
90	2021-07-09	656.95	658.91	644.69	18140548	657.9442857142858	664.9274754171963	654.53	679.6213525020362	670.0966666666667	699.8841772036473
91	2021-07-08	652.81	654.43	620.46	22773316	658.8857142857142	663.4127909900467	654.9464285714286	677.8339290019004	667.8923809523809	697.7444418762087
92	2021-07-07	644.65	665.7	638.32	18791960	658.9471428571429	661.0674421162907	654.9371428571428	675.6216670684404	664.56	695.3310581545628
93	2021-07-06	659.58	684.0	651.4002	23284450	660.2299999999999	660.8815118517543	655.077142857143	674.552222597211	662.115238095238	693.7060100566282
94	2021-07-02	678.9	700.0	673.26	27097374	663.8757142857143	663.133822870285	657.6142857142858	674.8420744240635	660.6466666666666	693.0330095995088
95	2021-07-01	677.92	687.99	672.8	18634522	665.2157142857143	664.9820950114994	659.6614285714286	675.0472694624593	659.134761904762	692.346054617713
96	2021-06-30	679.7	692.81	678.14	18924862	664.3585714285715	666.821833135062	661.405	675.3574514982954	658.777619047619	691.7712339532715
97	2021-06-29	680.76	687.5099	675.89	17381313	667.76	668.5641039931793	662.8521428571429	675.717621398409	658.9399999999999	691.270723319032
98	2021-06-28	688.72	694.6999	670.32	21628159	672.8900000000001	671.0835909940319	665.8878571428571	676.5844466385151	660.9276190476191	691.154781349985
99	2021-06-25	671.87	693.81	668.7	32496707	676.7785714285714	671.1818921197779	667.8628571428571	676.2701501959475	662.217619047619	690.2782003795311
